160.80434345702915
161.39179410167898
152.83767619290398
160.05362997058216
141.3437483303213
152.11574787570746
151.5503846402114
155.0963624013574
144.14594945476352
158.43436043061848
157.3221865780024
155.25792381421942
164.91070079888203
145.64658904643784
151.08186423365564
158.6266479559044
160.68558062219074
149.27897488186443
172.60413599900954
161.8670517865905
160.05359064778276
149.97827335327196
155.9000712561628
163.8894753298086
153.04160840738035
159.32788145090512
148.89102496140717
151.46255345633247
149.48712399091863
148.412076807878
153.00299133899253
165.12958819755664
160.26089935130125
153.79169846467423
159.55212769594604
153.954790522644
148.3465391580943
154.5648659870873
162.45949346172483
162.34729620953067
146.17445927132053
146.71353901490008
165.87994245437602
162.34203662953044
155.39281040118453
149.79047038032851
149.78334156552296
152.0678992660887
139.75907222226465
149.8403289937645
146.79441126712317
157.207768722857
150.44418978608954
149.59167725784962
157.56761753062608
148.90647205129505
151.23997883153007
149.6173333126028
156.57063879113232
143.4359238889962
147.17642262267725
170.61335905422166
158.30315071014576
158.49918977153374
143.02609011880156
154.97279615406705
153.86002802080444
152.33522286393804
150.39858665153943
156.76055775796385
166.31046852101417
149.5615213327285
149.63005681098744
153.67214793267487
151.841804141399
158.4722244139145
155.6993029948513
153.02716966282117
155.93229522460555
149.49046045447454
150.24939617091331
150.1825872048535
150.38459082197502
159.40166760667486
147.1610860119252
156.34336273603378
146.13592505676493
158.26878237978934
145.1269199141446
139.3254333485949
157.97266690352384
149.1480419171863
154.61189136435794
152.838138367798
159.75882227319752
152.63798308688445
144.4601387923173
142.72807876341977
159.43187111138698
143.95615123794337
151.00122802511663
150.61385108408004
147.19125547224763
144.30201769180692
152.69870625868734
160.7169744447278
163.55536741434616
164.08312386305022
153.3685228322349
166.76974083939373
160.14294340833254
165.7081863507404
154.34112382158614
161.07092797585446
154.20962805498223
151.7600960892245
159.33122896773705
159.02155716169742
151.28927889052326
144.08554660445773
147.58641202083714
154.06622534382083
139.16555400651137
156.72270947118696
154.01685386003876
157.20347438737085
148.04478419802183
159.11632753058754
159.2767851010977
150.06009119173385
147.67310300820083
158.00166449195086
159.60810973502282
152.97340045735336
159.4435018357415
152.65897626022706
169.51354437693303
145.21060182716556
153.38940545332449
169.96229919447325
153.41728612218478
154.27167248098857
142.05688051961704
155.19191802502013
151.77973692491383
155.62051233440923
153.35414116540338
144.50446365789284
147.99650788520734
164.8403118897379
151.21325122687344
154.29710327069412
162.95650241087617
160.56173578160335
149.68325910670808
148.04984679283595
157.78949928953946
156.8415774710268
156.86337283161708
162.6461338198894
162.28569196384396
146.62784496993282
146.81830629350605
147.92344361144714
146.93947934566256
153.53344000577798
160.572245186072
146.1265287457024
152.8202050466927
150.44858866237854
159.98998788262188
145.31668089564866
156.88294847275253
154.24116744098217
159.188403062816
151.0607277123459
156.73713988671335
149.91894963937415
148.3956127136039
144.40457842251337
147.4160280277923
153.28222365656626
141.25501708369663
160.96570814146406
159.3387937411068
136.07048103208095
151.28078469965698
153.60467363094276
153.1906390843604
158.92471560919557
164.2826269608723
143.75203754586403
162.5433553031565
152.21512356899126
157.73393958164965
148.1461376950904
150.1740017446105
161.0626879493853
159.64846970051065
145.69440985120775
166.5029360899097
155.14507932079408
160.43063191383342
159.35801057865132
141.86890435995838
156.96534791633118
172.15307184167625
154.837545489942
175.19672052249905
156.95087290069142
151.4850491002298
159.2055615255515
157.00784891706374
156.95233788826872
143.71813542531925
148.15777306032794
159.8421043114379
167.0642226366344
153.88097244059668
152.59518886989554
148.28051692739464
144.09336600177252
146.7140000302369
158.23522738101465
152.3898463906408
160.61056990232575
163.32907011797496
151.77963901223873
151.85090819152688
144.86095958532766
168.91078895148922
173.80957382421215
160.60632647101292
155.6155880567588
145.64690229621385
162.08545572613303
158.09200410412984
155.07777896535518
157.12276795327838
151.27514640817742
158.1383021839025
161.72322258805448
147.62493277572372
153.30082731752404
141.7228082739302
147.47859290945027
162.21672256507742
155.14678952986404
150.40327188084046
147.19399155857073
150.37383703687183
155.03826307662325
161.61955829730283
153.26202385870909
144.65769359563706
142.89023029090367
152.71094872932238
157.2263332971947
153.43300594689887
157.37334300448572
156.29735627840282
165.87495128806466
167.2733301259249
158.66231175283696
150.52498304947983
171.94657211196406
156.61187519774913
161.35720150775612
149.1799424475898
151.05467293125307
143.06449824670008
150.02894774953987
161.61536232411626
158.67413276177163
145.4141788555639
146.2581079954413
152.12262901267937
144.46357563010983
152.78181415900002
160.39494444855572
157.48889889514854
155.88760371354425
148.98154316323286
164.36162269759637
156.25630515923746
159.07092067442466
152.00349588313804
151.00649078255222
154.51957362986195
152.48264362028044
155.83337740218474
146.4060716770822
154.3320594747172
150.73813812347242
151.47815723475807
154.70994499744194
151.37835123063238
150.14110269618445
145.99573515219828
149.84958914616402
154.80588025699714
145.61283177526983
153.79033473477804
163.24481693144526
155.71392261900434
158.06614285510722
160.9035984605997
154.37007008323005
151.1224131446154
159.77611798999868
149.80974178345357
155.1756352784454
141.61611492403125
153.43219790364296
156.78863135288398
155.3923805377081
162.14827380282352
156.9443122408795
146.7805901227419
163.36082533702427
161.90060819487138
158.43958257058904
151.51193096608233
153.82296815315974
155.88160743385052
150.18191395094468
155.2851069562206
164.41222209656448
156.8088954329699
161.39143994006602
142.66034235875642
159.96665893065156
155.82259344103338
147.41522154578382
167.32483716762636
150.52782889320963
153.34493746883655
144.29334417409746
144.43007491516923
158.03013960439685
152.8566053852406
161.27770946329832
166.99141119944483
161.81282689673716
147.38486330825293
159.9356755675814
155.14495138845015
154.43807189086462
156.20476717117108
154.6068435935759
157.73170942950796
151.64931338566
153.61240277241222
151.63440152644696
153.95708647135882
154.3952708530623
153.60658752098055
149.80540075421166
168.0529034165369
144.58381692962223
148.3190102310209
159.09117228895684
146.3990599998418
160.62314207941427
160.52138603022726
146.5143491935151
141.4191407065001
154.86793792636553
158.11365787056988
156.942955573032
148.78945262061922
160.08912163913277
159.76085587005593
158.62767799219554
144.76827687253945
153.5155918959256
139.60420412200517
138.96899742885205
154.07765002213856
145.0399907181853
148.37374800373175
169.10781438223324
147.97772868677254
149.60722853565576
166.6254028594842
155.93327532823687
149.4895746510904
149.67247785565604
142.84571401568732
157.15474382920056
150.24608473446523
147.25374228998717
156.36095277687483
161.5076029125863
149.44853605875906
144.43534180273167
150.61576044675797
146.89135444342543
156.42450520695044
148.58856206890647
142.17669137092736
149.09600415514169
144.06186214858425
148.75749486251422
149.00170095395498
143.56049968338664
154.88091457769517
163.38169875150984
149.86567787094233
156.8888347772971
156.5768369478742
147.3153624449801
158.98422533010756
150.214880592879
142.7768022402489
154.88031307925982
150.38225784681606
166.24354319671122
158.2806309315385
170.59000047856682
169.20528236449076
157.75157789130895
156.9274598689999
146.94975266431368
153.74214023177154
159.42460112872678
158.01115488875925
141.6937811693971
158.88510289006067
154.89243610507884
158.64577083934455
144.9820746893839
153.65827846546154
154.9751862564582
138.23538006218587
147.97245248015108
150.73744777823575
171.43526731602975
147.25980364603862
134.56051535270464
152.2519388943363
151.8017776831173
157.2610631850826
159.78982044865324
161.59784279153473
145.21373470313586
156.97663050610913
149.0043666317451
145.1039725954835
145.71116880702516
152.1664471042001
154.04434779529998
155.1175802725295
148.76230996247136
157.84172409152043
159.66593501778615
159.96853648737851
149.05153967860434
156.36219849806176
156.523664250182
160.6238407919536
148.57450973417284
162.78712313948415
153.40371198303907
158.09474224082106
152.15169960048652
155.69912115633127
154.0620697400382
153.0036102752443
150.3562654507002
164.17212357015038
159.07513308778607
146.88194033046483
151.1160031480295
161.06524416445384
158.5802745209243
158.1376043645101
162.50353347711882
142.6323438043321
162.56524716365323
162.20936746173732
151.86090301715305
155.83541704206957
159.7692517191918
152.27390351364792
164.9866703484158
151.51224039592103
151.2401874473357
161.6527383506239
152.99629991937593
153.89549366526523
154.62083850085497
157.1667641528334
158.96422874644458
150.27812157296853
154.2124905442719
153.4759222343383
152.7881340830277
162.10535610106518
155.52378657374513
153.91668874394347
143.95652692328053
159.74277715115716
164.24492363015193
150.06092756428188
160.1497793607419
162.35462317346824
169.96088320269232
152.08288792475344
146.12700829483958
153.2739157316866
163.27493942635564
149.4868243578135
152.0566877299953
159.0556281488728
153.031005802727
166.26490067902154
167.26141425012983
142.44743316341993
147.94868970863848
152.44544771821094
160.7672758616656
152.18564765373387
165.43225541281484
149.61650076420568
154.324273806873
151.99783983044787
146.865145856732
157.90951862400937
159.66540686694862
153.54987459710975
151.8737851904508
149.0638542140041
161.09135675775843
145.83880888947135
151.33115062739196
154.3773362818754
154.69967100253257
157.6591582392347
151.49916363055144
155.48692535154035
156.48202703727387
153.8010291247377
163.56278481644287
150.8680057112796
152.27588979597067
146.76161323579532
146.56111470314747
148.96439017360024
150.58755178381406
146.05153796695922
143.06720262893066
148.11650862410522
145.63156895104493
153.6792644168698
147.52223786676097
159.75237431639837
150.0777083945582
150.8771385125561
152.84359464989296
143.97111907081668
155.88589868625644
167.04102942650377
146.61905696426672
164.9677194203261
157.53770194113483
160.38021559621498
137.5209668921221
160.18969336924388
153.92802681625656
165.59569981117852
144.677666407062
158.82002279234612
154.17715357668985
153.65699535962563
155.41204406896694
164.32579204436405
153.19612956471246
157.59755849619802
146.6989706943089
158.0025517599537
150.0474936426212
144.73806285502798
139.88030475941443
157.04718934928917
153.2455841282853
151.76414936763564
159.4896428208493
149.09860769729374
150.74541067519354
149.9797013887735
160.79049524873983
143.5076526171102
159.73029991419344
153.9459029539579
148.42700803207063
155.89945266336983
148.9933273260054
146.47839836458388
158.04551719631465
155.68480713224736
159.86100023588804
140.21018776513927
166.46770745515408
155.06298567257792
154.30011058115812
152.56872392350027
150.1370653128534
158.55559364174238
157.25870205909968
157.21367115473979
162.051971757497
158.87647287130824
168.10665274019658
157.77446898906453
162.44990996304193
155.4508665780159
161.18080072686794
147.05884359844435
154.5305450081885
158.29733287167295
163.19407938898863
149.90653421106686
149.0933017383307
137.2262369064325
153.00588283794056
155.06914179838517
147.27876590746874
155.45533677756077
158.91531241420543
138.46281523440365
136.88097600878731
159.7407169868644
158.18005832384762
164.1936023592121
155.3566948659441
159.62534468182676
153.44832395471
150.8053353789403
155.06294981455306
130.3103162659164
170.62654678121186
150.75492524791053
147.55384444984267
155.48445309278
156.2895162809897
145.49742227340104
162.67857772471706
168.77051069705604
156.22557167385284
154.24509590636177
157.61349515287125
158.4357941162014
163.03738888787507
153.85095997764284
158.46007368388285
154.34109489106567
144.63484658348176
152.9210345827142
158.94596642121957
148.5798542776588
145.65233252604244
144.727974525708
156.9309853893263
155.86538310530602
142.2077380767141
156.6527906745757
150.19722307786003
164.53216196632943
147.7258945014006
167.27301064775324
151.0972998680415
165.98898969192672
155.19862955799843
153.22098959762948
154.52706178998773
159.52110324993092
156.74155793791738
165.8855943947548
158.25493874759096
152.35286844786873
154.64021456261477
156.1621752155586
154.20036959832518
145.84910468125224
152.67073556482555
138.39250865669834
156.12007287964335
165.891941196956
157.6154222438492
143.2502803438432
152.18130579503483
149.15781062406654
161.0794026847273
171.00352865062717
145.98885089936962
155.20901006709195
164.94946668468592
147.94849742308267
150.17724459736246
147.89774165176078
148.44779114180167
153.56707380585357
164.23915873623625
163.93666676626776
163.59250982986654
159.8163815912076
150.51788114405377
146.81226894987245
158.6003952718388
155.08962286538724
163.48160633429026
148.48922279792933
151.6228377584801
162.78569271468925
161.32993006496903
161.1079682231982
155.3229130254892
146.55479489496395
164.2587287066111
158.415010129122
155.92575242808024
155.51044433251383
150.05592168653178
145.08781734736314
138.6248131685826
165.8431871527772
140.8702595337521
136.29705300694496
146.79354976124256
160.73660085135975
153.28877921341538
155.09810149017298
142.7328866384331
155.1525621600694
160.0794718240406
149.1170657146477
154.9656475787223
156.65129238042488
166.0408459232353
157.6365499232075
142.96306634601646
153.60444918977956
142.33819823811442
159.75916164855724
171.4579103306416
159.73403812110158
155.90004421836926
166.39772485828448
152.57559924708224
162.07871813584495
152.97238011353716
144.21700187952237
153.69923723231935
152.2173420810966
162.03971930662456
159.96943849379045
145.70585815308493
153.38022865542754
142.18116358031585
159.1885049923851
156.01595368965806
152.15014787012836
157.13406525394475
152.74495566949034
156.11570392039172
160.34295963117313
158.9049906213767
154.3629930090169
145.92749322703784
152.60029563764868
156.38446826292537
150.6069213584824
147.1441765226169
146.9970794764141
151.9158300145394
152.91500337189868
155.18748714982627
156.0359593973341
173.7709502557658
153.1276514678311
143.86313311833467
152.92274593247322
149.75333040251672
136.51733323043825
153.4455852539002
149.80382769811237
151.14585638150206
162.01681420599954
148.36018255710457
151.74234817403425
146.68464891216186
157.6132405096706
150.6561444470282
145.95481562795985
146.88796291904922
165.84180438521702
161.0039051290865
162.16201603044811
149.0660166824901
162.00158949124653
165.49314892898522
147.02641257022944
150.97627784275915
150.7864180142619
154.57107475462138
154.8051658743444
166.5316704539465
157.0837347661879
147.10952245361673
158.88815601774235
156.56257512649776
158.85981374914286
150.96936856502745
151.93115229825545
149.73051561233717
167.11991183726337
148.34252903301297
156.3127924146837
152.7302496405664
157.7721147685077
148.71470417875403
158.62521053311002
158.49492574200912
136.30467646749776
159.47751973289408
150.15567976228806
161.72708991394435
146.83333659591997
151.84444600192867
146.33167587164854
149.88059628142742
157.07993161387077
163.96564981983894
155.12303545080118
164.93917409025158
157.99904032301
158.66020576049183
156.08306757451157
167.1207618157776
149.18081703109928
150.17433864217824
152.71040226139075
155.87526562775588
155.95310427161286
142.75940955142042
154.5546024541435
151.72775179313268
152.11962828127352
149.54970367205627
159.67172435821988
150.50968200122904
152.8122467770577
161.81572634112672
160.71564084413916
158.022602547976
147.50259901963148
140.80005590508318
149.57419354064692
167.4638931777809
149.30117221281515
150.31766477644967
153.63419847735432
159.93163853954007
144.79189560183727
159.85900714030726
163.0763859783987
162.9508763854533
156.1558985260261
148.55960988415333
148.6553548451899
156.88101139566209
157.60138683498846
150.93160514999124
141.63558082436188
149.52878224735858
150.59967182630137
147.6976646064176
158.49061605552293
151.0815125429107
154.20456415702077
155.81358347624422
157.5685308042334
152.44269852590878
158.04628051647597
150.91546076957303
160.32380446977052
153.42175128545412
148.6860996699396
153.38899956611488
165.80073355129844
145.69499430956304
161.50842786639828
162.48906713795944
145.99319953396355
152.56548112603457
151.4942563449722
152.38379398584377
158.4242645641866
148.41438893131578
151.9793255981811
158.83763179433475
144.5601903263585
166.06840302317275
163.12143124288556
146.9247005246067
153.54539456847365
154.70809986481058
143.81500905833812
150.20504126522582
167.495268917787
147.03152295049836
157.21076318662622
150.40114426697434
153.21951391823345
140.59126053981217
166.72686354534258
155.81022990648043
160.82850034860996
158.00405937502867
153.24264368830003
147.13383957398904
149.63155547110986
155.47422037152805
156.15554845761534
150.37706867789396
154.8423497434991
151.45594113809992
146.38304081131574
143.46662852998986
154.0586609467135
166.4940932031908
150.8210753111784
166.72459659197636
149.72748135298164
150.58097609998129
163.40109665637644
160.0399749689386
148.31949622810782
153.80066520642302
162.95294340917832
139.66181394868892
148.75655446023714
142.73067393830593
137.62093047497015
147.60660344079264
163.40005463173318
164.19865795232448
160.74902483175657
155.41151697478475
161.34367295748427
141.069905919503
150.49738372960428
166.37704912060553
164.22233326966318
149.79746643417894
154.7749531963561
159.81475151708972
157.68944866883695
153.2716718715272
169.09888693385764
160.33278991044256
153.69940625557942
171.4388797782808
152.74844535255357
151.1610267929875
153.1037889519139
158.01252542534021
141.0030021077065
160.4431054183862
154.25170734830306
151.60014313581598
150.31595546472516
150.6318467217449
154.24579926511413
149.98377069244322
158.19659757286456
155.10702625578003
161.0790120958048
158.2457551933069
161.5548517509905
161.76361804647524
155.55858066658266
142.56276438973683
158.9389635240373
153.18137738275087
140.68356565381202
155.5687399504047
153.36029502927803
149.77677674648154
148.30065427368586
157.00949811704342
163.7041465791041
133.4147114433096
159.88475776924196
155.18037252382973
143.54542255778404
164.65565653573475
139.0100971578517
137.55498511186764
